(1, 1, 1) - (10, 100)
(1, 1, 2) - (20, 200)
(1, 1, 3) - (30, 300)
(1, 2, 1) - (40, 400)
(1, 2, 2) - (50, 500)
(1, 2, 3) - (60, 600)
(1, 3, 1) - (70, 700)
(1, 3, 2) - (80, 800)
(1, 3, 3) - (90, 900)
(2, 1, 1) - (110, 1000)
(2, 1, 2) - (220, 2000)
(2, 1, 3) - (330, 3000)
(2, 2, 1) - (440, 4000)
(2, 2, 2) - (550, 5000)
(2, 2, 3) - (660, 6000)
(2, 3, 1) - (770, 7000)
(2, 3, 2) - (880, 8000)
(2, 3, 3) - (990, 9000)

(1, 1, 1) - (10, 100), found
(1, 1, 2) - (20, 200), found
(1, 1, 3) - (30, 300), found
(1, 2, 1) - (40, 400), found
(1, 2, 2) - (50, 500), found
(1, 2, 3) - (60, 600), found
(1, 3, 1) - (70, 700), found
(1, 3, 2) - (80, 800), found
(1, 3, 3) - (90, 900), found
(2, 1, 1) - (110, 1000), found
(2, 1, 2) - (220, 2000), found
(2, 1, 3) - (330, 3000), found
(2, 2, 1) - (440, 4000), found
(2, 2, 2) - (550, 5000), found
(2, 2, 3) - (660, 6000), found
(2, 3, 1) - (770, 7000), found
(2, 3, 2) - (880, 8000), found
(2, 3, 3) - (990, 9000), found
